(* Instagram Likes per Post *)


24
80
71
35
40
108
44
120
48
75
53
70
45
43
118
51
106
97
73
71
72
70
72
74
124
71
97
117
75
53
177
99
77
35
80
47
41
48
56
95
158
79
54
95
108
81
68
47
84
57
56
47
76
104
57
59
50
98
49
93
68
65
69
43
74
55
156
61
30
68
52
290
87
55
64
59
53
36
60
54
65
39
41
59
97
47
87
48
45
27
59
26
73
43
29
72
100
141
94
34
36
31
86
45
109
28
48
49
40
21
48
35
50
62
47
112
55
72
37
76
62
48
23
53
34
203
51
76
82
70
53
59
61
75
81
70
53
63
69
58
124
137
135
242
67
57
100
97
160
97
45
53
54
86
49
85
92
73
95
48
73
56
66
91
43
53
70
83
69
63
59
70
32
57
65
84
65
49
72
67
49
48
43
40
37
43
31
59
52
54
42
27
47
53
46
60
56
41
41
58
67
38
77
89
72
57
53
63
53
40
55
39
39
39
37
50
34
39
40
39
47
30
29
47
40
45
40
61
43
66
52
52
63
41
41
82
90
76
84
61
60
96
48
43
43
133
70
79
66
78
70
50
59
55
46
43